895328298228
895328298196
895328298195
895328298176
895328298185
895328298186
895328298187
895328298794
895328279019
895328278849
895328279149
895328279116
895328278867
895328279127
895328279038
895328279084
895328279106
895328279121
895328279131
895328279141
895328279151
895328279162
895328279172
895328279182
895328279193
895328279355
895328279043
895328279365
895328279054
895328279066
895328279077
895328279088
895328298184
895328298238
895328298173
895328298250
89527296356
89527291967
895325634593
895325634588
895325634599
89527293448
895325634978
895325634976
89527296147
895325634590
89527293478
89527296377
89527296379
895325635323
89527296353
89527296360
895325634614
89527296359
89527296148
89527296361
895325634616
89527296149
895325635325
895325634617
895325634975
895351847961
89527245285
895351916918
895351847957
895327392303
895321937889
895321937897
895321937876
89527245468
89527245465
89527245337
89527245336
89527245328
89527245325
89527245324
89527219891
89527245333
89527219895
89527245329
89527245338
89527216922
89527289342
89527289354
89527289353
89527289356
89527289355
895327414781
89527219715
89527289343
89527245334
89527219721
895325634403
89527216909
89527245341
89527217119
89527217123
89527217140
89527216897
89527216932
89602886748
89527216946
89527289335
89527289339
89527289337
89527289331
89527289361
89527289360
89527289338
89527289334
89527289336
89527289346
895351847787
89506072882
89506072884
895351855301
895351855298
89527216956
89527217131
89527216903
89527216907
89527216950
89506071822
89527217127
89527296121
895325634591
895325634587
89527291979
89527291968
89527296358
895328298842
895328299088
895328298891
89527298930
89527245323
89527216934
89527216917
89527216943
89527245340
89527300562
89527300519
89527293184
89527300530
89527300531
89527298909
895325635936
89527294865
89527294866
89527245469
89527216883
89527216879
89527216895
89527245330
895328298985
895328298865
895328298945
895328298828
895328299044
895328298915
895328298925
895328298817
895328298936
895328298973
895328298943
895328299067
895328299008
895328298996
895328298975
895328299055
895328299022
895328299077
895328298876
895328298805
895328299033
895325634392
89527216877
89527216881
89527216885
89527216913
89527216953
895328298533
895328298550
895328298587
895328298522
895328298477
895328298255
895328298288
895328298159
895328297899
895328298205
89527219379
89527219378
895328298503
895328298541
895328298776
895328279045
89527219382
89527219383
89527219380
895328298840
895328298963
895328298950
895328299016
895328298799
895328298848
895328299038
895328298836
895328298980
895328298970
895328299083
895328298810
895328298991
895328298960
895328298920
895328298930
895328298789
895328298910
895328299027
895328299072
895328299049
895328298861
895328298940
895328299062
895328298993
895328298872
895328299004
895328298216
895328297998
895328297972
895328297971
895328297964
895328298955
895328298853
895328299105
895328298905
895328298965
89527235085
89527235092
89527235078
89527234939
89527234947
89527235927
89527235935
89527235921
89527235912
89527235832
89527235688
89527235289
89527235296
89527235304
89527235311
89527235320
89527235329
89527235281
89527235264
89527236232
89527236224
89527236238
89527236685
89527236926
89527236702
89527236712
89527236246
89527236906
89527236693
89527236898
89527236872
89527236912
89527236150
89527236144
89527236158
89527236166
89527236178
89527236184
89527236192
89527236202
89527236210
89527235943
89527236059
89527236123
89527236129
89527236137
89527236218
89506072595
89506072597
89506072599
89506072602
89506072589
89506072587
89527235930
89527235937
89527235923
89527235914
89527235908
89527235709
89527235292
89527235299
89527235306
89506072610
89506072613
89506072615
89506072591
89506072593
89506074980
89506074675
89527242689
89527288239
89527242715
89527242750
89527242725
89527242679
89527242704
89527242737
89527242762
89527242771
89527242784
89527288229
89506074996
89506074684
89506074686
89527288199
89527286963
89527286889
89527286427
89527286384
89527286940
89527286452
89527286461
89527286401
89527286916
89527286930
89527286417
89527286472
89527235911
89527235084
89527235076
89527235091
89527235263
89527235272
89527235280
89527235328
89527235318
89527235310
89527235303
89527235295
89527235288
89527235658
89527235801
89527235926
89527235917
89527235934
89527234898
89527234907
89527234914
89527234920
89527234926
89527234932
89527235007
89527234969
89527234962
89527234954
89527234946
89527234938
89527286904
89527286913
89527242680
89527242691
89527286381
89527286390
89527286412
89527286424
89506072585
89506072580
89506072582
89506072577
89527235314
89527235322
89527235395
89527235284
89527235277
89527235267
895328279359
895328298914
895328298841
895328299103
895328298984
895328298995
895328296806
895328296807
895328298816
895328298944
895328298875
895328298864
895328299066
895328298933
895328296352
895328296808
895328297371
895328299087
895328298804
895328299021
895328299032
895328278853
895328279024
895328279380
895328279404
895328279390
895328279369
895328279378
895328279079
895328279068
895328279056
895328278851
895328279186
895328279176
895328279166
895328279155
895328279145
895328279135
895328279114
895328279104
895328279093
895328279082
895328279071
895328279058
895328279047
895328279036
89527233980
89527234048
89527233914
89527234007
89527234142
89527234889
89527233973
89527233965
89527233955
89527234530
89527234537
89527234547
89527234557
89527234563
89527233908
89527233947
89527234001
89527234096
89527234883
89527234877
89527233938
89527234038
89527233992
89527234066
89527234869
89527234564
89527233926
89527234022
89527233953
89527234036
89527234313
89527234092
89527234112
89527234006
89527233998
89527234524
89527234047
89527234955
89527234963
89527234970
89527235016
89527234933
89527234927
89527234921
89527234915
89527234899
89527234908
89527294755
895328298194
895328298253
895328278860
89527289357
89527216915
89527289359
89527289358
895325636427
895325636447
895325638153
895325634398
895325634397
895325636752
89527302167
89527302556
89506072576
89506072579
895325635136
895351847959
895325634605
89527216939
89527217074
89527245335
89527245472
89527289345
89527289347
89527289340
89527289341
89506072581
89506072584
89506072586
895325634393
89527300278
895325634579
89527245470
895325634967
895325635144
895325634581
89527298995
89527300988
89527219316
89527219354
89527219356
89527219355
89527294986
89527295117
89527293424
89527293091
89527293437
89527302504
895325634413
89527291149
895325634408
895325634419
89527301775
895325634390
895351847960
895351837971
895327412930
89506074526
89506074525
895327408648
89506074527
895351916922
89527300786
89527300790
89684453271
89527293086
895351916926
895351916925
89527293406
895325634407
895351847958
895351837968
895351855305
895351855282
895351837966
895351846443
895327398958
895351847793
895351847794
89602887583
895325635143
895325635149
895325634966
895325634604
895325634592
89527217121
895325635145
895325634968
895325634580
895325635137
89527291978
89527293466
895325635147
89527289344
89527217125
895321937892
89527217129
89527219690
89527219698
89527219726
89527219877
89527219881
89527245464
89527245339
89527217159
89527217150
89527299182
89527300729
895351855299
895351855292
895351855291
895351855293
895351855295
895351855296
895351855309
895351855310
895351847789
895351855284
895351855285
895351855287
895351855286
895351855302
895325634598
895325634601
895325634585
895325634596
89527300623
89527293463
89527293480
89527293474
89527293468
89527293462
89527291966
89527293459
89527291974
89527291962
895325634608
895325634607
895325634602
895325634594
89527288241
89506072861
89506072859
89506072894
89506072896
89506072898
89506072865
89506072867
89506072869
89506072871
89506072873
89506072847
89506072849
89506072851
89506072853
89506072908
89527216889
89527216893
89527289352
89527289351
89527289350
89527245466
89527245463
89527216899
89527216948
89527245342
895325634917
89527219357
89527291229
89527293521
89527242721
89527242710
89527242792
89527286419
85783259084#
89506072845
89506072863
89506072890
89506072887
89506072892
89506072902
89506072904
89506072906
89506072855
89506072857
895351847792
895351855306
895351855303
895351855283
895351855307
89527219377
89527219376
89527219375
89527219374
89527219373
89527219372
89527219371
89527219370
89527219369
89527219368
89527245332
89527217146
89527217142
89527217138
895351916917
895351916916
89506075608
89506072875
89506072877
89506072879
895325634965
89527293470
89527293476
89527293465
895325634611
895325634610
895325634973
89527291970
895325634582
895325634586
89527291391
895325634603
895325634595
89527293559
89527291467
89527293467
89527293475
89527293482
89527293460
89527293477
89527293458
89527293453
89527291965
89527291975
89527293451
89527293446
89527291963
895325634615
89527293469
895328297989
895328297955
895328297949
895328297904
895328297927
895328297932
895328298191
895328298225
895328298247
895328298180
895328298177
895328298165
895328298235
895328298162
895328298212
895328297958
895328298202
895328298005
895328298904
895328299054
895328299007
895328298896
895328298954
895328298851
895328278850
895328279021
895328279033
895328279044
895328279078
895328279089
895328275911
895328276318
895328279097
895328279122
895328279055
895328276332
895328276342
895328276270
895328276280
895328276352
895328276362
895328279101
895328279067
895328278488
895328278489
895328278468
895328278428
895328278467
895328278478
895328278458
895328278427
895328278408
895328278417
895328278457
895328278418
895328278407
895328278692
895328278397
895328278396
895328278438
895328278386
895328278385
895328278448
895328278437
895328278375
895328278447
895328278465
895328278475
895328278466
895328278382
895328278456
895328278721
895328278477
895328298292
895328298566
895328298470
895328298280
895328298748
895328298757
895328298769
895328298781
895328298520
895328298578
895328298556
895328298591
895328298530
895328298545
895328298481
895328298269
895328298507
895328298493
895328298259
895328296283
895328296315
895328296324
895328296332
895328296340
895328296397
895328296390
895328296383
895328296376
895328296366
895328296356
895328296353
895328296735
895328296405
895328296276
895328296268
895328296260
895328296253
895328296247
895328296388
895328296288
895328296265
895328296320
895328296256
895328296403
895328296368
895328296377
895328296391
895328296341
895328298490
895328298479
895328298543
895328298301
895328298602
895328298755
895328298278
895328298257
895328298766
895328298290
895328275847
895328035987
895328024368
895328024361
895328024330
895328024302
895328024259
895328024209
895328024205
895328024202
895328024198
895328297616
895328297548
895328297628
895328297876
895328297712
895328297866
895328297701
895328297651
895328297542
895328297565
895328297599
895328276373
895328298792
895328298815
895328298994
895328298231
895328298218
895328298197
895328298208
895328298207
895328298008
895328298220
895328298219
895328298229
895328298193
895328298214
895328297930
895328298227
895328297970
895328297581
895328297671
895328297545
895328297698
895328297645
895328297597
895328297613
895328297585
895328297614
895328297686
895328297874
895328297709
895328297557
895328297719
895328297556
895328297546
895328297667
895328024195
895328297552
895328297673
895328297682
895328297543
895328297583
895328298521
895328298532
895328298482
895328298546
895328298508
895328298753
895328298265
895328298562
895328298744
895328298298
895328298494
895328298758
895328298770
895328298471
895328298293
895328298270
895328298568
895328298592
895328024192
895328024183
895328024182
89527245331
89527245327
89527245326
89527217154
89527217133
89527216930
89527216926
89527216905
89527216891